00000000
00000000
00000000
00000000
00000000
00000000
00000000
00000000
00000000
00000000
00000000
00000000
00000000
00000000
00000000
00000000
00000000
00000000
00000000
00000000
00000000
00000000
00000000
00000000
00000000
00000000
00000000
00000000
00000000
00000000
00000000
00000000
00000000
00000000
04060603
01000000
00000000
00000000
00000000
00000000
00081111
0F0B0B09
08080808
08080909
05000000
00000000
0000030E
16161314
15141414
14141414
14110B03
00000000
00000000
04090F0F
12141519
16171919
18131A1C
12030000
00000000
00000001
02040407
0A0D0C0E
0E0D0B0E
1D1F0F02
00000000
00000000
00000000
00000000
01000100
000F201A
08010000
00000000
00000000
00000000
00000000
00000518
1F130500
00000000
00000000
00000000
00000000
00000000
11201908
01000000
00000000
00000000
00000000
00000000
0007191D
0D050000
00000000
00000000
00000000
00000000
0000000F
1E150600
00000000
00000000
00000000
00000000
00000000
04161C0D
03000000
00000000
00000000
00000000
00000000
0000101E
14060000
00000000
00000000
00000000
00000000
0000000A
1C1C0D03
00000000
00000000
00000000
00000000
00000000
07191E14
06000000
00000000
00000000
00000000
00000000
0000131F
1A090300
00000000
00000000
00000000
00000000
0000000B
1E1E0C04
00000000
00000000
00000000
00000000
00000000
04171D14
06000000
00000000
00000000
00000000
00000000
0000111D
1F0F0300
00000000
00000000
00000000
00000000
00000006
18201C0D
01000000
00000000
00000000
00000000
00000000
000B1A24
15060000
00000000
00000000
00000000
00000000
0000030C
14120704
00000000
00000000
00000000
