0
0
0
0
0
0
0
0
0
0
0
0
0
0
0
0
0
0
0
0
0
0
0
0
0
0
0
0
0
0
0
0
0
0
0
0
0
0
0
0
0
0
0
0
0
0
0
0
0
0
0
0
0
0
0
0
0
0
0
0
0
0
0
0
0
0
0
0
0
0
0
0
0
0
0
0
0
0
0
0
0
0
0
0
0
0
0
0
0
0
0
0
0
0
0
0
0
0
0
0
0
0
0
0
0
0
0
0
0
0
0
0
0
0
0
0
0
0
0
0
0
0
0
0
0
0
0
0
0
0
0
0
0
0
0
0
0.25
0.375
0.375
0.1875
0.0625
0
0
0
0
0
0
0
0
0
0
0
0
0
0
0
0
0
0
0
0
0.5
1.0625
1.0625
0.9375
0.6875
0.6875
0.5625
0.5
0.5
0.5
0.5
0.5
0.5
0.5625
0.5625
0.3125
0
0
0
0
0
0
0
0
0
0.1875
0.875
1.375
1.375
1.1875
1.25
1.3125
1.25
1.25
1.25
1.25
1.25
1.25
1.25
1.25
1.0625
0.6875
0.1875
0
0
0
0
0
0
0
0
0.25
0.5625
0.9375
0.9375
1.125
1.25
1.3125
1.5625
1.375
1.4375
1.5625
1.5625
1.5
1.1875
1.625
1.75
1.125
0.1875
0
0
0
0
0
0
0
0
0
0.0625
0.125
0.25
0.25
0.4375
0.625
0.8125
0.75
0.875
0.875
0.8125
0.6875
0.875
1.8125
1.9375
0.9375
0.125
0
0
0
0
0
0
0
0
0
0
0
0
0
0
0
0
0.0625
0
0.0625
0
0
0.9375
2.
1.625
0.5
0.0625
0
0
0
0
0
0
0
0
0
0
0
0
0
0
0
0
0
0
0
0
0.3125
1.5
1.9375
1.1875
0.3125
0
0
0
0
0
0
0
0
0
0
0
0
0
0
0
0
0
0
0
0
0
1.0625
2.
1.5625
0.5
0.0625
0
0
0
0
0
0
0
0
0
0
0
0
0
0
0
0
0
0
0
0
0.4375
1.5625
1.8125
0.8125
0.3125
0
0
0
0
0
0
0
0
0
0
0
0
0
0
0
0
0
0
0
0
0
0.9375
1.875
1.3125
0.375
0
0
0
0
0
0
0
0
0
0
0
0
0
0
0
0
0
0
0
0
0
0.25
1.375
1.75
0.8125
0.1875
0
0
0
0
0
0
0
0
0
0
0
0
0
0
0
0
0
0
0
0
0
1.
1.875
1.25
0.375
0
0
0
0
0
0
0
0
0
0
0
0
0
0
0
0
0
0
0
0
0
0.625
1.75
1.75
0.8125
0.1875
0
0
0
0
0
0
0
0
0
0
0
0
0
0
0
0
0
0
0
0
0.4375
1.5625
1.875
1.25
0.375
0
0
0
0
0
0
0
0
0
0
0
0
0
0
0
0
0
0
0
0
0
1.1875
1.9375
1.625
0.5625
0.1875
0
0
0
0
0
0
0
0
0
0
0
0
0
0
0
0
0
0
0
0
0.6875
1.875
1.875
0.75
0.25
0
0
0
0
0
0
0
0
0
0
0
0
0
0
0
0
0
0
0
0
0.25
1.4375
1.8125
1.25
0.375
0
0
0
0
0
0
0
0
0
0
0
0
0
0
0
0
0
0
0
0
0
1.0625
1.8125
1.9375
0.9375
0.1875
0
0
0
0
0
0
0
0
0
0
0
0
0
0
0
0
0
0
0
0
0.375
1.5
2.
1.75
0.8125
0.0625
0
0
0
0
0
0
0
0
0
0
0
0
0
0
0
0
0
0
0
0
0.6875
1.625
2.25
1.3125
0.375
0
0
0
0
0
0
0
0
0
0
0
0
0
0
0
0
0
0
0
0
0.1875
0.75
1.25
1.125
0.4375
0.25
0
0
0
0
0
0
0
0
0
0
0
0