-0.14319995
0.010355315
-0.06591889
-0.22532476
-0.12265677
0.036959175
-0.020678096
0.12810813
-0.14079003
0.106467895
-0.09852805
-0.28096136
-0.09964131
-0.02423461
0.028430024
-0.2904964
0.09153377
-0.2981186
-0.07452107
-0.19269688
-0.08291515
-0.13221416
-0.07732987
0.04423073
-0.06849129
-0.16853741
0.12635696
-0.035946038
-0.028443089
-0.12899107
-0.13142018
-0.07064412
-0.11032567
-0.15453789
0.08182348
0.07029616
-0.07023382
0.06661848
-0.035334755
0.044805102
-0.2890552
0.13145134
-0.26263985
-0.13990149
0.062297422
0.09861908
-0.11042002
-0.14825852
0.0034513713
0.15061137
-0.06951834
-0.06319776
-0.0058659646
0.0921846
-0.2149453
0.12515692
-0.002130421
0.039103504
-0.20819357
-0.03314224
-0.026002504
-0.067701854
-0.1293446
0.029241541
-0.17811354
0.072827555
0.19218653
-0.004377805
-0.17456569
0.03530159
-0.038705666
0.14839016
-0.2870806
0.16722478
0.03357658
-0.28321967
-0.18402746
0.1029042
-0.15404405
-0.0018185981
-0.14789039
-0.1980952
0.027273769
-0.0684946
-0.06553421
-0.018344235
0.1439862
-0.16900387
-0.0663673
-0.16755249
-0.14044848
-0.06140237
0.11219366
-0.120007455
0.04315017
-0.11809551
-0.2203004
-0.13429184
0.014938209
-0.15824889
-0.11573884
0.0634837
-0.022525039
-0.2868323
0.0011884714
-0.39648756
0.046400815
0.037748344
0.0013742739
-0.2563602
-0.015843727
0.030605836
-0.06840416
0.048320133
0.034333836
0.089215346
-0.15049028
0.114642546
-0.059492018
-0.051519994
-0.060129393
-0.20991382
-0.16890807
-0.36833006
-0.041337267
-0.32429257
0.073666066
0.14624408
