-0.33177152
0.027477827
-0.27806145
0.16602182
0.12129609
-0.374581
0.07687106
0.2346221
-0.35213485
-0.038674787
-0.3356425
0.02491978
-0.60034263
-0.020748159
-0.36250615
-0.03940563
-0.4461666
0.046353906
-0.03186242
0.035167087
-0.2519658
-0.4182645
-0.20070687
0.20867592
-0.12006306
-0.12802084
-0.18001115
0.17366898
-0.27525446
0.22389682
-0.30903804
-0.6940372
-0.24124852
-0.27528504
0.062140714
0.040607672
0.079310074
-0.10227052
0.108126655
0.060208462
0.17485404
-0.22817466
-0.049328487
-0.16135296
0.2020762
-0.37217396
-0.42529637
0.20058233
-0.18801178
0.163066
-0.16367221
-0.21168181
-0.3026875
-0.33622202
0.3559201
0.066654995
-0.3219583
0.46529427
-0.1491302
-0.38295355
-0.4280049
-0.050461326
0.23945162
0.23355241
-0.0027609891
-0.44686857
-0.27470565
0.29295856
-0.3592259
-0.63209885
-0.43501565
0.07995616
0.2405634
0.24017319
-0.10476135
0.073046066
0.047917653
-0.1746921
-0.23101763
-0.54786575
-0.10870772
-0.14009362
0.00032103932
-0.3297207
0.1358333
0.14278133
0.21716265
-0.20890735
0.18304309
-0.47937584
0.18744108
-0.35388473
-0.26537743
-0.20624338
0.18019511
0.19866218
-0.15220657
0.2108227
-0.4083062
-0.10840107
-0.41402867
0.09437442
0.09382636
-0.40437266
-0.20385724
-0.031584304
0.10877628
-0.124654755
0.06515736
-0.42750147
-0.38907644
0.019165263
-0.03805977
-0.20497903
0.058158945
-0.34793162
-0.44694686
0.023323558
0.05699049
0.058296226
0.07824986
-0.35975435
0.031694237
-0.096673675
0.16252321
-0.018746195
0.21814181
0.06380126
-0.1178912
-0.41551143
-0.22341448
0.20396915
0.10807863
-0.2802459
-0.009580322
-0.5143659
0.29962504
0.122335
-0.14683574
-0.3677415
-0.23905888
0.02698252
-0.4160715
0.016051259
-0.4957296
0.3218649
0.23306896
-0.13576774
-0.05178681
-0.33324698
0.12070493
-0.40145475
-0.030133534
-0.1853709
0.05254296
-0.17791061
0.079573326
-0.38600874
0.017071508
-0.44637123
0.14748013
-0.51159847
-0.07764793
0.20559232
-0.44983146
0.15641838
-0.17566602
-0.010582808
-0.2676003
-0.34037274
-0.40212443
0.037470628
-0.23902768
0.04813259
0.081131734
-0.37081113
-0.4743948
0.032496072
0.063180126
0.047248628
-0.529772
0.06784005
0.021845482
0.0363872
-0.19031996
0.03225853
-0.045063052
-0.44063586
0.07731246
-0.033013474
0.018209709
-0.19510168
-0.28134865
-0.49521363
0.11444955
0.1661425
0.18022583
-0.41837156
0.09959934
-0.07203876
-0.31913382
-0.26497218
0.040384423
-0.312517
0.048210274
-0.08718407
0.07372142
-0.32859814
-0.5438494
0.06231303
0.23848923
-0.41142392
-0.045371573
-0.43638524
0.1737637
0.08549116
0.15520498
0.056545626
0.02539169
-0.20787299
0.012003802
-0.25501052
0.12853453
0.1358298
0.04700308
0.05000659
0.1339443
-0.31526804
0.08346936
-0.56432295
-0.38005003
0.16919403
-0.30682
-0.43220976
0.21188067
0.11024462
-0.33771566
0.12988368
-0.07039845
0.19810386
-0.29791868
0.28185531
-0.40570378
-0.21641448
0.24849197
-0.10736172
0.21255432
-0.14014259
-0.3565531
-0.35985214
0.09874962
0.07433969
0.15266821
0.09867029
-0.6770924
-0.35007805
-0.38596404
0.016862875
0.027865812
-0.30527577
0.06765293
0.39859056
-0.26501718
-0.28743255
-0.30574924
0.23259948
-0.19988392
0.19944225
-0.53781605
0.09402603
0.08488926
-0.367661
0.1594922
-0.088912405
0.19524567
-0.007953451
-0.24240008
-0.3125569
-0.24019442
0.17041841
-0.40248552
-0.42145953
-0.38899696
-0.08407946
-0.42049897
0.36193898
0.30354682
-0.04989914
0.16174223
0.21945782
-0.31761152
-0.362119
0.1916868
-0.21137027
0.11372959
-0.028606407
0.1825548
-0.34208295
-0.1216981
-0.6615038
-0.49265417
0.031035481
0.08398726
0.06395274
-0.53520745
-0.14163697
-0.34784985
0.09651112
0.05081634
-0.52125514
-0.2735708
-0.16560446
-0.2951432
-0.35480112
-0.011787882
0.16160685
0.17549281
-0.5262754
0.10985931
-0.34525493
-0.6019766
0.1313801
-0.15456368
0.12761348
0.021211457
0.05416361
-0.21348052
-0.29483262
0.119405046
-0.18224195
0.13211222
-0.20854062
-0.15637305
-0.30319536
0.16612293
-0.39714321
0.1173985
0.18880461
-0.26188096
0.18359078
-0.12239199
0.23710093
-0.5599723
-0.38913718
-0.036324322
0.24618335
0.17980914
-0.4110385
-0.23617013
-0.08009426
-0.43595436
0.20783369
-0.4812698
-0.16401133
-0.14700021
0.28369325
-0.12629798
-0.1690844
0.17234497
0.029218307
0.22365506
-0.33874598
0.21143608
0.181182
-0.37498933
-0.06829123
-0.2765134
-0.22947936
-0.091642246
-0.05747211
-0.15595017
-0.12586473
0.07749487
-0.24743195
0.101179846
-0.021016534
-0.44953814
0.26604992
-0.4588278
-0.4043413
-0.37344262
-0.089652784
0.12896928
-0.33184183
0.115696
-0.17245626
0.13162348
-0.06345541
-0.571871
-0.46404788
-0.5795026
-0.07845396
-0.23470925
0.172044
0.13400666
0.049384546
-0.5550209
0.12896223
-0.513239
0.18692249
-0.5142814
0.09458789
0.035886288
0.05136239
0.10944402
-0.4889437
-0.36305365
-0.30014086
0.10152817
-0.0088579105
-0.12362634
-0.51831234
-0.21301882
-0.27604386
-0.020076284
0.23548366
-0.3103777
0.24627982
-0.53168446
0.098878436
-0.5357854
-0.057233445
0.016217
-0.068307236
0.044202287
-0.2288763
-0.3963948
-0.33202013
0.018014291
0.007826931
0.1546837
0.07006584
0.1301291
0.13612959
-0.022925183
-0.1769365
0.099045575
-0.12913278
-0.4074089
-0.10815763
-0.080796875
0.15127017
-0.22167286
0.30739745
-0.3306296
0.26858965
0.158678
0.352882
-0.17792706
-0.09531826
-0.25929895
0.16670306
0.0694489
-0.40305302
-0.44331828
0.21099393
0.23096623
-0.004529223
-0.111683704
0.052353818
-0.24332932
0.07082574
-0.33676913
0.102014676
0.12886097
0.036078632
-0.6220612
0.08895139
0.11199992
0.12826557
0.24470448
-0.39052758
-0.2556351
-0.19955918
-0.10182277
0.15782675
0.18881504
0.09163087
0.14566319
-0.11098002
-0.24245328
0.38323495
-0.18282697
-0.0656887
0.36881092
-0.15174904
0.14306225
0.25552517
-0.39393896
-0.47181174
0.105897285
0.12247659
-0.10455269
-0.32055748
-0.5603169
0.054829348
-0.0085143335
0.16162312
-0.6115936
-0.17033795
-0.36144143
0.24845827
0.26902294
-0.13914332
0.12471922
-0.45370102
-0.19286263
-0.16297702
-0.1975813
0.22784624
0.21201561
-0.3843554
0.05686302
-0.29759175
-0.26814622
0.09828927
0.15999365
-0.39981183
0.049995154
-0.36836153
0.076417595
0.11705347
0.09301639
0.15765311
-0.068161316
-0.20371427
0.02332672
0.08145873
0.07799963
0.06624055
-0.49882057
-0.08383041
0.22431119
0.21097423
-0.21490705
0.19212234
-0.6411706
0.16716915
-0.17415445
-0.2578191
0.13427593
-0.21645685
0.15178168
0.096119575
-0.51959777
-0.086036526
-0.32161665
0.13736352
0.12024465
0.15894598
0.15064728
0.06937209
-0.25394574
-0.33012593
-0.36466494
0.1617407
-0.071461044
0.21467835
-0.5748131
-0.3446239
-0.39276722
-0.30274692
0.19118166
-0.08814281
0.22228847
-0.34878173
0.046526406
0.20640956
-0.55247957
-0.12879984
-0.23899528
0.3910581
-0.257918
-0.21967506
-0.34252113
0.32253435
0.19181518
-0.22593465
-0.18594454
-0.18640105
0.14938284
-0.5009576
-0.18903011
0.020050151
-0.3407305
0.03611464
-0.23776706
-0.45556563
0.14110328
-0.007417168
0.141443
-0.19650047
-0.10129623
-0.06786543
-0.3780939
-0.10265115
-0.50711215
0.15777497
-0.34490576
0.13542493
0.1912169
-0.27020064
0.05279338
-0.38466483
-0.5264781
-0.08076166
-0.38980302
0.20330544
-0.19740523
-0.13026124
-0.49351656
-0.25907978
-0.23898822
-0.16090189
0.15842526
-0.10838246
-0.31015575
0.18593505
0.013354773
0.18199979
-0.33761716
0.1789699
-0.02494403
-0.072352424
0.18912655
-0.5500571
0.10842508
-0.058725547
0.014063434
0.11242718
-0.27482387
0.52189976
-0.45434755
-0.15807489
-0.0393297
0.042931907
0.06940094
-0.11037737
-0.25940308
0.031338785
0.040755063
-0.106911585
0.06485376
-0.3925167
0.09585887
-0.42820984
-0.026495611
-0.0677004
-0.0759297
0.07797046
0.2232727
-0.39333776
-0.051733233
0.19582026
-0.46771708
0.18259862
0.11055844
0.08155906
-0.22789873
-0.32680282
-0.0028235877
0.2571557
0.2145609
-0.13376717
-0.06538695
0.16681741
-0.24189843
-0.29819205
-0.43374863
-0.4404286
0.19434613
0.15540603
0.18429616
-0.34264892
-0.07295308
-0.21146904
0.08431766
-0.13163352
-0.53400797
-0.44351143
0.12584957
-0.22493875
0.13147298
0.12684378
-0.65128154
0.097328044
-0.28377262
-0.18245032
0.11544912
0.050032843
-0.41671035
-0.4520852
0.06887421
-0.0565751
0.15102667
0.14908516
-0.6045336
-0.16999416
-0.3405633
0.12865491
0.13634846
-0.033540174
0.05927865
0.07432982
-0.37573102
0.06521682
0.08794918
-0.47029352
-0.27526018
-0.2319762
-0.529459
0.059783395
-0.8631325
-0.12018681
0.10073106
0.09179272
-0.14525677
-0.3233305
-0.33757168
0.21052152
0.20957667
-0.08749672
0.10922645
-0.34169027
-0.06458777
-0.46648967
-0.021967588
-0.14454015
0.09477423
0.14159706
0.008198791
0.08762053
0.04908805
-0.22002919
-0.6636372
0.1975528
0.057165243
0.19068749
-0.09987922
-0.30391276
-0.09839529
0.13122454
0.2057505
0.213268
-0.4141097
-0.2732795
-0.66172326
0.27251622
-0.10156485
-0.400487
0.065993555
-0.58901805
-0.286632
-0.35948476
-0.2250053
-0.019476047
0.082017854
-0.21323209
0.0382822
0.075969815
0.12830324
0.04517042
0.09622174
-0.121474124
0.023345247
-0.03823618
0.13476549
-0.3274727
0.10366107
-0.55697757
-0.14004655
-0.13111821
0.18390657
-0.16234793
-0.35945657
0.2419124
-0.32724938
-0.34243336
-0.2706837
-0.5396737
-0.4159213
-0.32861066
-0.3177991
0.1660663
0.08601042
0.2237449
-0.09980603
-0.35038307
0.15644597
0.124877185
0.014145845
0.102878295
0.03548938
-0.021615224
0.02912014
-0.1346959
-0.1292421
-0.073117614
0.16452299
0.08667606
0.07615602
-0.33324054
-0.36150566
0.122228086
-0.5754897
0.20703624
0.26761663
-0.52393216
0.17875434
0.022332666
0.042129647
-0.46088764
-0.19629306
0.07877574
0.08624029
0.048844863
-0.28059977
0.04728888
0.110946745
0.086965315
-0.18492839
0.16830951
0.1269152
-0.25813332
-0.078559875
-0.37844235
-0.4511797
0.17781267
-0.36174166
0.010685856
-0.53242123
-0.17554958
-0.58752936
0.20875672
-0.3363555
0.2147894
0.14942124
-0.25086138
0.14602564
0.1574551
-0.018195733
0.31130874
0.2944597
-0.41392025
-0.20566852
-0.4293159
0.026757844
0.08552214
-0.15896997
-0.39691347
-0.3018834
-0.38723093
-0.07427546
-0.022747194
-0.5021213
-0.057264388
-0.15425391
0.46529078
-0.19749704
-0.29878613
-0.37604994
0.25069284
-0.61093944
-0.23227628
-0.43032926
0.34039533
0.0005426841
0.0072265477
-0.063119404
-0.118013725
-0.056038957
0.047560167
0.1119667
0.11752603
-0.12601177
0.1311266
-0.21457474
-0.5014894
0.16386905
0.043520603
-0.39888954
-0.09525956
0.23585744
0.022686804
-0.42753068
-0.30197576
-0.33561587
0.19094582
0.009600228
-0.59698826
0.10180511
-0.39775452
-0.056446467
0.006128431
0.034436766
-0.13710275
-0.5180891
0.029369337
0.03620056
0.047705293
0.15599589
-0.6089901
-0.2086485
-0.33729166
0.102977306
0.1493657
0.13752304
-0.043382093
0.14829917
0.004044081
-0.54235303
0.031750258
0.17394641
0.017351156
-0.23380093
-0.026636256
-0.28696528
0.06876879
0.05077117
-0.62804013
0.065305635
0.19971858
-0.0048491172
0.37540442
-0.5334875
0.3114469
-0.42085442
-0.29141578
-0.33308983
-0.21558775
-0.1130583
0.01907032
-0.42269918
-0.4966809
0.15192704
0.09173587
-0.063071564
-0.078090265
0.08355277
-0.40107942
0.21245523
0.1210353
-0.4072946
-0.015738213
-0.57404
0.079189405
-0.18869537
-0.025885053
0.05807407
-0.15362568
-0.24302958
-0.065371014
0.22474502
0.09154782
-0.46586078
-0.33681667
0.020385748
0.2092129
-0.009768469
0.19056694
-0.40897438
0.088031515
-0.3367759
-0.1872633
0.25259072
-0.11348126
-0.23803595
-0.19689338
0.18849581
-0.187998
0.18284072
-0.4241559
-0.14468415
0.16458283
-0.48096332
0.13162357
-0.19985066
-0.043514717
0.17016257
-0.029584903
-0.5248493
0.06145214
-0.10003994
0.21629813
-0.17589949
0.20273691
-0.5779302
-0.1737054
-0.48530695
0.13843223
0.055973224
-0.5411542
0.117250554
-0.24716938
0.1160753
-0.07999564
0.13105713
-0.29397094
-0.21635155
0.13430035
-0.21184878
0.13812646
0.2391971
-0.115701266
-0.43966296
-0.36689928
-0.016032608
0.05826532
0.15057856
-0.6621411
0.05245315
-0.5172948
0.06710492
0.025433037
-0.5845173
0.12401177
-0.59437776
0.11554669
0.00036068994
0.090088315
0.020969694
0.22435448
-0.48410693
-0.5301013
-0.11574982
-0.020849384
0.29315972
0.059873182
-0.05182293
-0.03778432
0.016901102
-0.30740225
0.057021655
-0.2042667
0.15005504
-0.25522953
0.10141112
-0.33011165
-0.11358697
0.11472028
-0.28563738
-0.19114071
-0.45455575
-0.044545572
0.21276686
-0.32069367
-0.27282104
0.17237465
-0.6121165
0.19920279
0.09935766
-0.2695805
0.025076725
-0.06718584
0.23099566
-0.12969886
-0.13351797
-0.07464015
0.20423372
0.17015399
-0.020523869
0.072126225
0.21853977
-0.03957631
-0.15043877
0.26989183
-0.019403746
-0.16082183
0.037137482
-0.07321339
-0.37391356
0.08515954
0.07668434
0.036740232
-0.26936162
0.05475993
0.122495346
-0.39199024
0.05474521
-0.541933
-0.45159072
0.015204672
0.00877408
0.22430532
-0.4201898
0.23248175
-0.5781457
-0.43541694
-0.37681887
0.19954833
-0.500248
0.029546175
-0.21010715
-0.08548056
-0.038788572
-0.40734
0.10995136
-0.09860024
0.100601204
0.082874075
0.07601426
-0.11934461
0.123339064
-0.0052987016
0.07477554
-0.153229
-0.15247081
-0.12069336
0.16727836
-0.06807366
0.06479618
-0.29100773
0.05065567
-0.42371193
-0.2492111
-0.006643021
-0.13878737
-0.30414227
0.006012126
-0.40728194
0.10632709
-0.4000605
-0.40712732
-0.3836425
-0.20964776
0.16260718
0.14524402
-0.34567758
-0.091881305
-0.0245321
-0.4388579
-0.2743384
0.21498795
0.0046607372
-0.6082153
0.23705684
-0.42229587
0.1902819
-0.10739113
-0.29144165
-0.23656368
-0.1324979
-0.19345337
-0.21867713
0.18672763
-0.046149906
-0.3694959
0.14784127
-0.48328084
0.14792697
-0.6081892
0.25508308
-0.5604278
0.19777769
0.03417485
0.22857766
-0.018754805
-0.23823425
-0.26028594
0.18366604
-0.36947405
-0.2692353
-0.16045873
0.27622607
-0.23580028
-0.29183632
-0.21767041
0.15121111
-0.08193719
0.24952088
-0.1773819
-0.14460492
-0.0037336857
-0.03613189
0.1301319
0.14531642
-0.5979276
0.18245731
-0.31520718
0.1918265
-0.25816292
0.18966547
0.04611456
-0.2630111
0.116295405
-0.13994579
-0.20641418
-0.087843835
-0.7088712
0.11359814
-0.3800583
-0.23234071
-0.3333756
0.30961093
-0.19903992
0.31649053
-0.43617165
-0.48338664
-0.22370216
0.26904932
-0.1926565
0.22403008
-0.03746963
0.14997612
0.21496224
-0.47998604
-0.4516581
0.028774127
-0.2257446
-0.41536132
0.23286274
-0.16822952
-0.4185587
-0.30230898
0.019224359
-0.30516487
0.16468848
0.035387423
0.051638868
0.109621614
-0.4460169
0.031797457
0.11966454
0.10611493
-0.7512613
-0.1969791
-0.49369612
0.12515017
0.060298435
-0.29869682
0.2655545
-0.2749026
0.17881481
0.05622229
-0.29846156
-0.10050713
0.16375247
-0.4259609
0.12812819
-0.1041072
-0.48241886
0.23894672
0.07611759
0.25260994
0.114240445
-0.45830667
-0.20200852
-0.23154435
-0.3882199
-0.09349139
0.16940066
0.08527614
0.10207794
-0.016600937
-0.55292624
-0.23461285
0.078424186
-0.22085203
0.105284505
0.043461163
0.05036103
-0.13739784
-0.059279013
0.17293371
-0.04633578
0.21869732
-0.10216165
-0.17675716
-0.19677691
-0.21953878
-0.023150014
0.1952315
0.24836925
-0.07384523
-0.34282583
0.0629665
0.26921973
-0.035634838
-0.31711513
-0.47050434
