0.036366895
0.28380603
0.056416124
-0.12933284
-0.08951752
-0.019436851
-0.06691259
0.031469546
-0.19168405
-0.037391815
-0.30070773
0.12754627
-0.014577913
-0.262118
-0.17917043
-0.15663959
0.22891748
-0.42631862
0.16029797
0.061492845
0.2662936
0.16139063
-0.004063548
0.007915541
0.17613825
-0.047813732
-0.086910106
0.011623484
-0.33074725
-0.33929673
-0.09844899
-0.057687216
-0.19973065
-0.09415317
-0.046797153
-0.002531134
-0.19062729
0.14158954
-0.12204751
-0.39076087
0.05866255
0.0057314066
-0.08184061
-0.14590642
-0.1284121
-0.36263973
-0.0055371188
-0.020672295
0.011592109
0.01700505
-0.007767727
-0.08123206
-0.0047541587
0.11055006
-0.017089024
0.15133184
0.038982205
-0.028869398
-0.21917622
-0.13685603
0.020644046
-0.018989133
0.070843615
-0.06041153
0.12290489
-0.008102243
-0.06623051
0.045125157
0.22504447
-0.024469372
0.0306654
0.17181173
0.14582507
-0.0059328834
0.20143746
-0.1333213
0.09087694
-0.10517606
0.13624206
0.09548795
-0.15523662
0.16447532
-0.17108515
0.037033863
-0.13644671
-0.17521404
-0.11570565
0.02644054
0.071232736
0.04209009
0.011146106
0.24597162
-0.05301235
-0.06943121
-0.017773906
0.042212885
0.13759485
-0.015180635
0.057961896
-0.15359318
-0.23621011
-0.34911013
0.11458336
-0.37071127
0.16506937
0.0894744
-0.30519152
0.2069228
-0.018161679
0.24006031
0.014795572
-0.10198809
-0.50104374
-0.14520413
0.16832688
-0.109337054
-0.4716878
-0.3345911
0.07170993
-0.15260759
-0.064372376
-0.059905127
0.09559549
0.10092297
0.06525108
0.08061485
-0.33308998
0.056186233
