00000000
00000000
00000000
00000000
00000000
00000000
00000000
00000000
00000000
00000000
00000000
00000000
00000000
00000000
00000000
00000000
00000000
00000000
00000000
00000000
00000000
00000000
00000000
00000000
00000000
00000000
00000000
00000000
00000000
00000000
00000000
00000000
00000000
00000000
00000000
00000000
00000000
00000000
00000000
00000000
00000000
00000000
00000000
00000000
00000000
00000000
00000000
00000000
00000000
00000000
0000050B
09090302
00000000
00000000
00000000
00000000
00000000
00000D0F
0F0F0F0F
0C0C0C0C
0C0C0C0C
0A030000
00000000
00000000
00000407
04070A0E
0F0E0F0F
0F0F0E0F
0F080000
00000000
00000000
00000000
00000001
04000404
0403010E
0F060000
00000000
00000000
00000000
00000000
00000000
0000050F
0D010000
00000000
00000000
00000000
00000000
00000000
00010E10
05000000
00000000
00000000
00000000
00000000
00000000
00080F0E
02000000
00000000
00000000
00000000
00000000
00000000
030F0F03
00000000
00000000
00000000
00000000
00000000
00000000
080F0B00
00000000
00000000
00000000
00000000
00000000
00000000
0C0F0300
00000000
00000000
00000000
00000000
00000000
00000007
0F0B0000
00000000
00000000
00000000
00000000
00000000
0000040F
0F030000
00000000
00000000
00000000
00000000
00000000
00010D0F
0A000000
00000000
00000000
00000000
00000000
00000000
000C0F0D
02000000
00000000
00000000
00000000
00000000
00000000
020F0F04
00000000
00000000
00000000
00000000
00000000
00000001
0E0F0700
00000000
00000000
00000000
00000000
00000000
00000008
0F0F0300
00000000
00000000
00000000
00000000
00000000
0000030F
0F0F0300
00000000
00000000
00000000
00000000
00000000
0000070F
0F0D0200
00000000
00000000
00000000
00000000
00000000
0000070F
0C010000
00000000
00000000
00000000
00000000
00000000
00000000
00000000
00000000
00000000
00000000
